    1     -0.85
    2     -0.64
    3     -0.38
    4     -0.46
    5     -0.04
    6      0.11
    7     -0.53
    8     -0.53
    9     -0.37
   10     -0.85
   11     -0.93
   12     -0.45
   13     -0.51
   14     -0.77
   15     -0.53
   16     -0.16
   17     -0.43
   18     -0.50
   19     -0.89
   20     -0.42
   21     -0.92
   22     -0.92
   23     -0.45
   24     -0.43
   25     -0.49
   26     -0.77
   27     -0.66
   28     -0.33
   29      0.26
   30      0.14
   31      0.07
   32     -0.05
   33      0.12
   34     -0.29
   35     -0.60
   36     -0.33
   37     -0.40
   38     -0.31
   39     -0.50
   40     -0.45
   41     -0.45
   42     -0.53
   43     -0.13
   44     -0.01
   45     -0.21
   46     -0.12
   47      0.02
   48     -0.19
   49     -0.00
   50    -99.90
   51      0.40
   52    -99.90
   53    -99.90
   54     -0.68
   55      0.21
   56      0.21
   57      0.36
   58    -99.90
   59    -99.90
   60      0.45
   61    -99.90
   62    -99.90
   63      0.29
   64    -99.90
   65    -99.90
   66    -99.90
   67    -99.90
   68      0.15
   69     -0.02
   70      0.15
   71      0.33
   72    -99.90
   73      0.50
   74      0.07
   75      0.27
   76    -99.90
   77      0.32
   78     -0.31
   79     -0.29
   80     -0.36
   81      0.11
   82     -0.61
   83     -0.76
   84      0.01
   85      0.16
   86     -0.57
   87     -0.16
   88      0.03
   89      0.26
   90      0.20
   91    -99.90
   92     -0.47
   93     -0.14
   94     -0.05
   95     -0.20
   96     -0.03
   97     -0.68
   98     -0.24
   99     -0.74
  100     -0.82
  101    -99.90
  102      0.15
  103     -0.27
